-719
568
984
-430
-404
746
-950
658
-387
-940
850
719
-175
-425
131
-821
403
-242
-770
447
-474
-262
838
-370
20
471
59
-614
615
-848
358
-57
-783
3
972
-721
499
-91
156
-630
-964
400
-669
703
-330
-232
-748
655
-264
748
-671
897
-633
330
268
160
166
-733
-428
-103
-487
-113
-328
792
-279
724
898
68
-465
-198
-493
-98
-127
155
-985
-508
94
540
-70
-193
54
-668
-528
-655
404
-185
-586
-688
-417
605
496
-386
161
-731
-74
-583
511
926
-900
312
-236
-104
-422
-176
-975
477
714
709
827
167
-362
245
-739
982
-304
-381
-942
112
-426
-277
42
522
-6
939
671
173
-341
60
215
-629
834
-776
688
633
-320
246
927
669
-775
-167
147
701
921
-204
207
-839
-418
274
-744
-100
-658
925
256
852
-174
387
222
-260
-706
-106
547
507
-290
-165
806
980
-570
-289
-180
-613
538
-686
823
-25
-958
974
-884
-459
376
681
-648
-67
392
695
251
-628
425
-694
929
-829
-483
-332
-736
-535
-644
-230
569
217
-239
-2
-544
418
-233
-396
-159
467
-195
-58
-24
555
-458
632
79
-32
-919
-976
24
-33
766
-37
-203
863
-649
103
556
-299
-523
22
34
549
837
-539
-957
-392
226
-878
235
64
871
758
409
-598
-741
82
223
350
-555
677
-121
56
-5
-60
293
295
558
382
-988
514
-371
96
678
-871
-968
717
520
5
-12
65
-491
-800
-764
618
-873
-357
-73
-317
332
-540
-444
-804
-485
51
411
716
-661
-937
-517
-468
460
625
-978
-536
-716
775
543
-786
-960
-72
772
284
-205
264
628
272
497
-541
132
-654
-315
92
-171
-910
-494
-486
361
135
764
571
443
-410
793
36
206
489
-473
-841
-36
40
849
-631
622
-689
696
731
-608
917
951
386
-929
-90
-238
-38
607
822
357
784
843
-475
180
747
-282
879
-338
446
-63
239
-334
62
440
-691
935
433
78
-898
992
973
-973
630
-349
-777
260
712
-987
-245
75
218
455
353
616
-498
474
-642
-240
50
-527
740
-384
-799
-980
648
765
629
129
-590
-116
741
-53
820
-885
362
-88
-883
-14
656
492
624
437
-696
662
867
-402
536
-142
-834
-609
702
888
456
142
-670
97
-393
733
608
280
-187
-23
975
305
643
-746
-160
192
-427
-132
-451
781
401
390
113
310
-348
-637
652
366
-902
949
-460
-438
-875
-862
183
924
-374
-802
-526
-543
-364
-505
-632
-135
210
341
-930
488
-955
461
723
134
176
650
-763
-580
770
-743
-569
-732
-243
693
7
428
575
654
-893
621
602
878
-622
718
-787
-501
-178
-224
-925
-772
-679
-269
-292
397
-377